21
0 0 0 0 0 0 0 0 0 0 0 0 0 0 0 0 0 0 0 0 0
0 0 0 0 0 4 1 1 1 0 0 0 1 4 4 1 1 0 0 1 3
0 0 1 1 1 1 0 0 1 0 4 1 1 0 0 0 4 0 2 4 0
0 0 1 0 0 1 0 1 4 1 1 0 1 0 0 0 4 0 1 0 0
0 0 1 0 0 0 0 4 0 0 0 0 1 1 1 0 1 4 1 0 0
0 1 1 1 1 1 0 1 1 0 4 1 0 0 4 1 1 0 1 1 0
0 0 0 1 0 1 0 0 1 0 4 0 1 4 1 0 0 0 0 0 0
0 0 0 4 0 0 0 4 1 1 4 0 1 0 0 0 1 4 4 0 0
0 1 4 4 1 4 0 4 0 0 0 0 4 1 1 1 4 0 1 4 0
0 1 0 0 0 1 0 1 4 0 1 0 1 0 0 0 1 0 0 1 0
0 4 0 1 4 1 0 0 1 4 1 0 1 0 0 1 1 0 0 0 0
0 1 0 0 0 1 4 1 0 0 1 1 1 1 1 0 1 4 1 1 0
0 1 1 1 0 0 0 1 1 1 1 0 0 0 1 1 0 0 4 0 0
0 0 0 1 1 0 0 4 0 0 1 0 1 0 0 1 1 0 1 1 0
0 0 1 0 4 1 0 1 4 0 0 4 1 4 4 0 4 0 0 1 0
0 1 1 0 0 1 0 0 1 0 4 1 0 0 4 0 1 1 1 1 0
0 1 0 4 1 1 0 1 4 0 1 0 4 0 0 0 0 1 0 1 0
0 1 1 1 0 0 0 0 1 0 1 0 1 0 1 4 1 1 0 1 0
0 0 1 0 1 0 1 1 4 0 1 0 4 4 4 0 0 0 1 1 0
0 0 0 0 1 1 1 0 0 0 2 0 0 0 1 1 1 0 4 0 0
0 0 0 0 0 0 0 0 0 0 3 0 0 0 0 0 0 0 0 0 0

Bác Hồ đọc Tuyên ngôn Độc lập tại Quảng trường Ba Đình vào ngày 2 tháng 9 năm 1945 đúng hay sai?
true
Chiến dịch Điện Biên Phủ diễn ra vào năm 1954 và kết thúc thắng lợi cho quân đội Pháp đúng hay sai?
false