21
0 0 0 0 0 0 0 0 0 0 0 0 0 3 0 0 0 0 0 0 0
0 1 0 1 1 0 4 0 1 1 1 0 2 1 0 0 1 1 1 1 0
0 1 1 0 1 1 1 1 1 0 1 1 1 0 0 1 1 0 0 1 0
0 0 1 0 0 1 1 1 0 0 0 1 0 4 0 0 1 0 1 1 0
0 1 1 1 1 0 1 0 4 1 1 1 1 1 1 0 0 0 1 0 0
0 0 1 0 1 0 0 0 1 0 1 0 0 0 1 0 1 1 1 1 0
0 1 1 0 1 1 4 0 0 1 1 0 1 1 1 0 1 0 1 0 0
0 4 0 1 0 0 1 0 1 0 1 0 1 0 1 4 1 0 0 1 0
0 1 1 1 1 0 1 1 1 0 1 1 1 0 1 0 0 1 1 1 0
0 0 0 1 0 1 1 0 1 0 0 0 0 0 1 1 0 1 0 1 0
0 1 1 1 0 1 0 1 1 1 1 1 1 1 0 1 0 1 0 1 0
0 1 0 0 1 0 0 1 0 0 0 1 0 1 0 1 1 0 1 1 0
0 1 1 1 1 1 1 1 1 1 0 1 0 1 1 1 0 0 0 1 0
0 0 0 1 0 0 1 0 0 1 1 1 1 1 0 1 1 4 0 1 0
0 1 1 1 1 1 1 1 0 0 1 0 1 0 0 0 0 1 1 1 0
0 1 0 0 1 0 0 1 1 1 0 0 4 1 1 1 1 1 0 0 0
0 1 1 1 4 1 1 0 0 1 0 4 0 0 0 1 0 1 1 1 0
0 0 1 0 0 0 1 1 0 1 1 1 0 1 1 1 0 0 0 1 0
0 1 4 1 0 1 0 1 0 0 0 1 0 1 0 0 0 1 0 1 0
0 1 0 1 1 1 1 1 1 1 0 1 1 2 0 1 1 1 1 1 0
0 0 0 0 0 0 0 0 0 0 0 0 0 3 0 0 0 0 0 0 0

cơ sở 2 của Đại học sư phạm TP HCM ở 222 Đ. Lê Văn Sỹ Phường 14 Quận 3 Hà Nội đúng hay sai?
false
Địa chỉ Đại học sư phạm TP HCM ở 280 Đ. An Dương Vương Phường 4 Quận 5 Hồ Chí Minh đúng hay sai?
true