21
0 0 0 0 0 0 0 0 0 0 0 0 0 0 0 0 0 0 0 0 0
0 0 1 1 4 0 0 0 1 1 1 1 1 1 1 1 1 1 1 4 0
0 0 0 1 0 0 1 1 1 0 0 0 0 1 0 0 0 0 0 1 0
0 0 0 1 1 1 1 0 0 0 0 0 0 1 0 0 0 0 0 1 0
0 0 0 0 0 0 1 0 0 0 0 0 0 1 0 0 0 0 0 1 0
0 0 0 0 0 0 1 0 0 0 0 0 0 1 0 0 0 0 0 1 0
0 0 0 0 0 0 1 0 0 0 0 0 0 4 0 0 0 1 1 1 0
0 0 1 1 1 1 1 0 0 0 0 0 0 1 0 0 0 1 0 0 0
0 0 1 0 0 0 0 0 0 0 0 0 0 1 0 0 0 1 0 0 0
0 0 1 0 0 0 0 0 0 1 1 1 1 1 0 0 0 1 0 0 0
0 0 1 0 0 0 0 0 0 0 0 0 0 0 0 0 0 1 1 1 0 
0 0 1 1 1 1 1 1 1 0 0 0 0 0 0 0 0 0 0 1 0
0 0 0 0 0 0 0 0 1 0 0 0 0 0 0 0 0 0 0 1 0
0 0 0 0 0 0 0 0 1 0 0 1 1 1 0 0 0 0 0 1 0
0 0 0 0 1 1 1 1 1 0 0 1 0 1 0 0 0 0 0 1 0
0 0 1 1 1 0 0 0 1 1 1 1 0 1 1 1 1 1 1 1 0 
0 0 4 0 0 0 0 0 0 0 0 0 0 0 0 1 0 0 0 1 0 
0 0 1 0 0 0 0 0 0 0 0 0 0 0 0 1 0 3 2 1 0 
0 0 2 4 2 0 0 0 0 0 0 0 0 0 0 1 0 0 0 1 0 
0 0 4 0 3 0 0 0 0 0 0 0 0 0 0 1 1 1 1 1 0 
0 0 0 0 0 0 0 0 0 0 0 0 0 0 0 0 0 0 0 0 0 

Giá trị trung vị của bộ dữ liệu gồm các số sau :" 1 3 7 7 9 10 100" là 7 ở vị trí số 3 đúng hay sai ?
false
Tên thật của Tần Thủy Hoàng là Daonh Chính đúng hay sai ?
true
Cho hàm số y = (x^2 + x + 7)/(x-1), đồ thị hàm số có 2 điểm cực trị đúng hay sai ? 
true
