21
0 0 0 0 0 0 0 0 0 0 0 0 0 0 0 0 0 0 0 0 0
0 4 1 1 1 3 0 0 1 1 1 1 1 0 0 0 0 0 0 0 0
0 4 0 0 0 0 0 0 1 0 0 0 1 0 0 0 0 0 0 0 0
0 1 0 0 4 1 1 2 1 0 0 0 1 0 0 0 0 0 0 3 0
0 1 0 0 4 0 0 0 1 1 0 0 2 0 0 1 1 2 1 1 0
0 4 0 0 4 0 0 0 0 1 0 0 3 0 0 1 0 0 0 0 0
0 1 0 0 0 0 0 0 0 1 0 0 0 0 0 1 0 0 0 0 0
0 1 0 0 0 0 0 0 0 1 0 0 1 0 0 1 0 0 0 0 0
0 1 0 4 1 1 1 1 1 1 0 0 1 0 0 1 0 0 0 0 0
0 1 0 0 0 4 0 0 0 1 0 0 1 0 0 1 0 0 0 0 0
0 1 1 1 1 4 0 0 0 1 0 0 1 1 1 1 1 1 0 0 0
0 0 0 1 0 0 0 0 1 1 0 0 0 0 0 0 0 1 0 0 0
0 0 0 4 0 0 0 0 1 0 0 0 4 0 0 0 0 1 0 0 0
0 0 0 0 0 0 0 0 4 0 0 0 4 1 0 0 0 1 0 0 0
0 0 0 0 0 0 0 0 4 0 0 0 0 1 0 0 0 1 0 0 0
0 4 1 1 1 0 1 1 1 0 0 0 0 1 1 1 1 1 0 0 0
0 3 0 0 1 0 1 0 0 0 0 0 0 1 0 0 0 1 0 0 0
0 0 0 0 1 2 1 0 0 0 4 1 1 1 0 0 0 1 0 0 0
0 4 0 0 4 0 1 0 0 0 4 0 0 1 0 0 0 1 1 1 0
0 4 4 4 4 0 1 1 1 1 1 0 0 4 4 0 0 0 0 4 0
0 0 0 0 0 0 0 0 0 0 0 0 0 0 0 0 0 0 0 0 0

Thủ đô Việt Nam là Hà Nội đúng không?
true
Chọn đáp án điền vào chỗ chấm: ........, tôi là Đóm.
false
Cha của vợ của ba bạn gọi là ông nội đúng không?
false
Việt Nam có giáp biển đúng không?
true