15
0 0 0 0 0 0 0 0 0 0 0 0 0 0 0
0 4 1 1 1 0 0 4 0 3 0 0 0 0 0
0 3 0 0 1 1 0 1 0 2 0 0 0 0 0
0 0 0 0 0 1 0 1 0 1 0 0 0 0 0
0 1 1 1 0 1 1 1 0 1 1 1 1 0 0
0 1 1 4 1 1 0 0 0 0 0 0 1 1 0
0 4 1 0 4 1 4 1 1 0 1 1 4 0 0
0 1 1 0 1 4 1 1 1 4 1 1 1 1 0
0 1 1 1 4 0 0 1 1 0 1 0 1 1 0
0 1 4 1 0 1 1 1 1 0 4 1 1 4 0
0 0 1 1 1 1 1 0 4 1 0 1 1 4 0
0 0 1 0 0 1 0 0 1 0 0 0 0 0 0
0 0 1 0 0 1 0 0 1 0 0 0 0 0 0
0 2 1 0 3 1 0 0 2 1 1 4 1 0 0
0 0 0 0 0 0 0 0 0 0 0 0 0 0 0

Bác Hồ sinh ngày 19/5/1890 đúng không?
true
Dân tộc Việt Nam ta là con rồng cháu tiên đúng không?
true
Khi mượn xe bạn để đi thì lúc trả nên đổ xăng rồi mới trả đúng không?
true