15
0 0 0 0 0 0 3 0 0 0 0 0 0 0 0
0 4 0 4 4 4 1 0 1 1 1 0 0 0 0
0 4 0 0 0 2 0 0 1 0 1 1 1 1 0
0 1 1 1 1 4 0 4 1 0 0 0 0 1 0
0 0 0 1 0 1 0 1 0 0 0 1 0 1 0
0 1 4 4 0 4 4 4 0 1 4 4 1 1 0
0 0 0 4 0 0 0 0 0 1 0 0 1 0 0
0 1 0 4 0 1 1 1 4 4 0 1 4 0 0
0 1 1 1 0 1 0 0 0 0 0 0 1 0 0
0 0 1 0 0 1 4 4 0 1 4 1 0 1 0
0 1 1 0 0 0 0 1 0 1 0 1 4 1 0
0 0 1 1 4 4 4 1 4 1 0 0 4 0 0
0 0 1 0 0 0 0 4 0 0 1 1 4 1 0
0 1 2 0 1 4 1 4 1 1 1 0 0 1 0
0 3 0 0 0 0 0 0 0 0 0 0 0 0 0 

Đỉnh núi Everest nằm ở nước Ấn Độ đúng hay sai?
false
Hà Nội là thành phố lớn nhất Việt Nam về diện tích đúng hay sai?
false