15
0 0 0 0 0 0 0 0 0 0 0 0 0 0 0
0 1 0 1 1 1 0 1 0 1 0 1 0 1 0
0 1 1 1 0 1 1 1 1 1 1 1 1 1 0
0 0 1 0 0 0 0 0 1 0 0 1 0 0 0
0 0 1 1 1 0 1 1 1 1 0 1 1 1 0
0 0 0 0 1 0 0 1 0 1 0 0 1 0 0
0 1 1 1 1 1 0 1 0 0 0 1 1 1 0
0 1 0 0 0 1 0 1 1 1 0 1 0 1 0
0 1 1 1 0 1 0 1 0 1 0 1 0 1 0
0 0 0 1 0 1 1 1 0 1 1 1 0 1 0
0 1 1 1 1 4 0 0 0 1 0 0 0 1 0
0 1 0 1 0 0 0 1 1 1 0 1 4 1 0
0 1 1 1 1 1 1 1 0 1 1 1 0 0 0
0 1 0 2 0 1 0 1 0 1 0 1 2 1 0
0 0 0 3 0 0 0 0 0 0 0 0 3 0 0

Tên khai sinh của Bác Hồ là Nguyễn Sinh Cung đúng hay sai?
true
quê ngoại của Bác tại làng Hoàng Trù- xã Kim Liên- huyện Nam Đàn- tỉnh Nghệ An đúng hay sai?
true
