15
0 0 0 0 0 0 0 0 0 0 0 0 0 0 0
0 4 4 4 1 1 0 4 0 0 3 1 0 0 0
0 0 0 0 0 1 0 1 1 0 0 1 0 0 0
0 0 4 2 1 1 1 0 1 0 0 4 0 0 0
0 0 1 0 0 0 1 0 1 0 0 1 0 0 0
0 0 1 0 0 0 1 0 1 0 0 1 0 0 0
0 1 1 0 0 0 1 1 1 0 0 2 0 0 0
0 1 0 0 1 1 1 0 1 1 1 1 0 0 0
0 4 0 0 1 0 1 0 0 0 0 1 0 3 0
0 4 0 0 1 0 1 0 0 0 0 1 0 2 0
0 0 1 1 1 0 1 1 1 1 0 1 1 1 0
0 0 1 0 0 0 0 0 0 1 0 0 0 0 0
0 0 1 0 1 4 1 0 0 1 1 4 1 0 0
0 0 0 0 3 0 1 1 1 1 0 0 1 0 0
0 0 0 0 0 0 0 0 0 0 0 0 0 0 0

Trường Sa, Hoàng Sa là của Việt Nam?
true
Biên giới Việt Nam trên đất liền dài 4600km đúng không?
false
Thủ đô của Anh là Bangkok đúng không?
false