15
0 0 0 0 0 0 0 0 0 0 0 0 0 0 0
0 1 2 0 1 0 1 0 1 1 1 1 1 1 0
0 0 1 1 1 1 2 0 0 1 0 0 1 0 0
0 1 1 0 0 0 1 1 4 1 1 1 1 1 0
0 0 1 1 1 0 0 0 1 0 0 0 0 1 0
0 1 0 1 0 1 1 1 1 1 2 0 1 1 0
0 1 1 1 0 1 0 1 0 0 1 0 1 0 0
0 0 0 0 1 1 1 1 1 0 1 0 0 1 0
0 1 1 1 0 0 0 2 0 1 1 1 1 1 0
0 1 0 1 1 4 1 1 0 0 1 0 1 0 0
0 1 0 1 0 1 0 1 1 2 1 0 1 1 0
0 1 1 1 0 1 1 0 0 1 0 1 0 4 0
0 0 0 1 0 0 2 1 0 1 1 0 0 1 0
0 1 1 1 1 1 0 1 1 1 0 1 2 1 0
0 0 0 0 0 0 0 0 3 0 0 3 0 0 0

Lãnh thổ Việt Nam có chiều dài xấp xỉ 1.750 km đúng hay sai?
true
Việt Nam có diện tích 231.212 km² đúng hay sai?
false