15
0 0 0 0 0 0 0 0 0 0 0 0 0 0 0 
0 4 1 0 0 0 0 0 0 0 0 0 1 4 0 
0 0 1 1 1 1 1 0 0 0 0 0 1 0 0 
0 0 0 1 0 0 0 0 0 0 0 0 1 0 0
0 1 1 1 0 0 0 0 0 0 0 0 1 0 0
0 1 0 1 1 1 1 0 0 1 1 1 1 0 0 
0 1 1 1 0 0 1 0 0 1 0 0 1 0 0 
0 0 0 1 0 0 1 1 1 1 0 0 1 0 0 
0 0 0 1 0 0 0 0 0 1 0 0 1 0 0 
0 0 0 1 0 0 0 0 0 1 1 1 1 0 0
3 2 4 1 1 1 0 0 0 1 0 0 1 0 0 
0 0 0 0 0 1 0 0 0 1 0 0 1 0 0
0 0 0 0 0 1 1 1 1 1 0 0 1 0 0
0 0 0 0 0 0 0 0 0 0 0 0 4 2 0
0 0 0 0 0 0 0 0 0 0 0 0 0 3 0

Đơn vị tiền tệ cùa Pháp hiện tại là đồng Franc đúng hay sai ?
false
Thiên đường du lịch biển Maldive thuộc đất nước Ả Rập đúng hay sai ?
false

