15
0 0 0 0 0 0 0 0 0 0 3 0 0 0 0 
0 4 0 0 0 0 0 0 0 0 2 0 0 0 0 
0 1 1 1 1 1 1 1 1 1 1 1 1 1 0
0 0 0 0 1 0 0 0 0 0 0 0 0 1 0
0 0 0 0 1 0 0 0 0 0 0 0 0 1 0
0 1 1 1 1 0 0 0 0 0 0 0 0 1 0
0 0 0 0 1 0 0 0 0 0 0 0 0 1 0
0 0 0 0 1 1 1 1 0 0 0 0 0 1 0
0 0 0 0 0 0 0 1 0 0 0 0 0 1 0
0 0 0 0 0 0 0 1 1 4 1 1 1 1 0
0 0 0 0 0 0 0 1 0 0 0 0 0 0 0
3 2 1 0 0 0 0 1 0 0 0 0 0 0 0
0 0 1 0 0 0 0 1 0 0 0 0 0 0 0
0 0 1 1 1 1 1 1 0 0 0 0 0 0 0
0 0 0 0 0 0 0 0 0 0 0 0 0 0 0

Có nhận xét sau : "Con Game này của chúng tôi hay mà", nhận xét trên đúng hay sai ?
true
Hiện nay trên toàn thế giới có tổng cộng 203 quốc gia đúng hay sai ?
false
