15
0 0 0 0 0 0 0 0 0 0 0 0 0 0 0
0 0 1 0 4 1 0 1 0 0 0 0 1 1 0
0 1 4 0 0 1 0 4 1 4 1 4 1 0 0
0 1 0 1 1 1 0 1 0 4 0 0 1 1 0
0 1 1 4 0 0 0 1 0 4 0 0 0 4 0
0 0 0 4 1 1 0 1 0 1 4 0 1 1 0
0 0 0 0 0 1 0 0 0 1 0 4 1 0 0
3 1 2 4 0 1 4 1 0 1 4 1 0 0 0
0 0 0 4 0 0 0 4 0 1 0 0 0 1 0
0 1 1 1 1 4 0 1 1 4 0 1 2 4 3
0 1 0 0 0 0 0 4 0 0 1 4 0 1 0
0 1 0 0 1 1 4 1 1 1 1 0 1 1 0
0 1 1 1 4 0 0 0 0 1 0 1 1 0 0
0 1 0 0 1 1 1 1 0 1 0 4 0 0 0
0 0 0 0 0 0 0 0 0 0 0 0 0 0 0 

Cuộc cách mạng công nghiệp lần thứ nhất diễn ra chủ yếu tại nước Mỹ đúng hay sai?
false
Chiến tranh thế giới thứ nhất bắt đầu vào năm 1939 đúng hay sai?
false
